4
8
12
24
28
32
51
533
36
40
31
44
48
50
52
112
56
84
204
64
68
70
72
76
96
100
854
108
116
120
124
132
140
148
830
152
156
344
446
158
170
174
178
188
384
191
192
531
196
203
408
180
208
262
214
218
818
222
226
232
233
231
242
246
250
254
258
266
270
268
276
288
300
308
312
316
320
324
624
328
332
340
348
352
356
360
364
368
372
376
380
388
392
400
398
404
296
414
417
418
428
422
426
430
434
440
442
450
454
458
462
466
470
474
478
480
175
484
583
496
499
504
508
104
516
524
528
540
554
558
562
566
578
512
586
591
598
600
604
608
616
620
630
634
410
498
638
642
643
646
662
670
882
678
682
686
688
690
694
702
703
705
90
706
710
728
724
144
275
729
740
748
752
756
760
762
807
764
626
768
776
780
788
792
795
800
804
784
826
834
840
850
858
860
548
862
704
732
887
894
716
